2776 
430 
2930 
1290 
323 
1119 
2067 
954 
3425 
1993 
1693 
9 
1493 
3321 
3619 
2070 
2330 
2969 
2470 
3542 
2987 
2791 
219 
2178 
2061 
29 
1272 
3895 
909 
1537 
1373 
4364 
2708 
457 
743 
3605 
3204 
1343 
3270 
2513 
4489 
1407 
2862 
3817 
4792 
3353 
1886 
3938 
3077 
1662 
1162 
137 
859 
2075 
3541 
1471 
4201 
179 
3635 
2885 
2650 
4774 
4087 
3165 
4559 
746 
378 
4043 
4624 
139 
2009 
21 
1799 
1431 
3957 
4670 
1956 
1108 
163 
3728 
766 
4981 
4021 
3147 
9 
2868 
4542 
4593 
3484 
175 
1709 
4490 
3873 
1316 
2106 
2757 
1828 
1070 
2448 
1764 
1572 
2767 
288 
2775 
2074 
2193 
4891 
530 
1688 
2609 
1651 
4228 
2999 
4384 
2524 
631 
537 
295 
3055 
767 
4585 
944 
4681 
3478 
3940 
1265 
1229 
2830 
1185 
2273 
941 
470 
2510 
2243 
526 
3349 
1315 
458 
3971 
4456 
4080 
1180 
4834 
2316 
2242 
4357 
625 
4355 
2491 
2591 
4668 
4869 
4189 
1045 
559 
4601 
4354 
4220 
2998 
1358 
559 
2803 
1397 
3994 
4097 
2952 
1511 
2533 
1856 
552 
1017 
1278 
4707 
3898 
2476 
241 
4468 
1334 
1275 
3103 
3224 
2515 
1783 
2218 
1014 
318 
2953 
1121 
84 
1538 
1693 
900 
2330 
1527 
4107 
4388 
4049 
1824 
3841 
4530 
3997 
2034 
4456 
2541 
2513 
2928 
1505 
2126 
2172 
3366 
3209 
1736 
2664 
4432 
4017 
3511 
3022 
763 
4945 
1590 
3627 
1248 
250 
2960 
4176 
2932 
710 
440 
3727 
1161 
3603 
3742 
3969 
770 
2864 
509 
4362 
4243 
3245 
2675 
4040 
470 
4825 
3938 
670 
293 
2273 
4832 
1116 
4781 
288 
4467 
833 
4171 
3696 
4719 
2270 
3583 
4551 
4568 
1921 
1865 
1452 
1473 
2422 
1198 
57 
4099 
3753 
73 
708 
2747 
3163 
4830 
4344 
3566 
2338 
563 
4302 
842 
1220 
1484 
1121 
2320 
2679 
3240 
2803 
1822 
2954 
434 
3374 
4741 
237 
3625 
1131 
1082 
1268 
2265 
1444 
2621 
2454 
2089 
2228 
3939 
404 
4198 
3321 
3000 
1054 
1200 
1635 
1014 
1018 
2594 
3901 
1733 
1170 
4988 
2029 
3103 
838 
2258 
4305 
2082 
767 
1766 
1165 
152 
1283 
3996 
2567 
1599 
3861 
365 
3560 
1386 
1304 
4445 
726 
768 
1226 
3816 
784 
3749 
3842 
2565 
4694 
3315 
2717 
4741 
2483 
993 
3055 
3954 
1430 
4617 
4392 
1183 
3239 
817 
2259 
414 
2279 
1318 
2356 
1150 
423 
94 
685 
2222 
1041 
451 
3719 
3249 
2270 
2756 
3125 
2510 
3988 
4055 
1689 
2908 
3941 
595 
1850 
150 
1681 
4004 
253 
490 
713 
2928 
2093 
3211 
392 
4268 
2192 
2546 
646 
4772 
4383 
3655 
2973 
4164 
3455 
681 
3375 
4082 
2029 
4932 
3188 
775 
3593 
4439 
3517 
1962 
3874 
3282 
1021 
1855 
4660 
1305 
4754 
3210 
1167 
1595 
9 
1331 
485 
1759 
2154 
1546 
4346 
1116 
1195 
4415 
583 
2173 
344 
4669 
235 
691 
2767 
1207 
1554 
2480 
4108 
3745 
4277 
3678 
547 
3664 
1348 
248 
2590 
1884 
1551 
3521 
731 
3368 
2896 
1256 
1175 
766 
826 
2773 
2652 
907 
3204 
2253 
3843 
4992 
278 
3515 
3820 
1493 
1341 
2617 
1082 
3413 
3254 
696 
28 
111 
4987 
3376 
868 
587 
1202 
4515 
317 
4849 
2484 
2460 
3646 
1482 
4606 
1216 
4590 
2917 
4035 
405 
2434 
3972 
3266 
1951 
938 
575 
4315 
168 
3809 
4484 
603 
4235 
1521 
840 
3326 
3931 
3079 
159 
1081 
793 
2941 
250 
1750 
2779 
4643 
2743 
1979 
2475 
3727 
1567 
1528 
3663 
2012 
2393 
79 
4270 
3673 
958 
1772 
4367 
4084 
1648 
4595 
4097 
1988 
1468 
4936 
4203 
4451 
2507 
2660 
4971 
884 
211 
686 
912 
2500 
920 
4957 
3901 
4965 
3888 
1780 
2216 
2479 
4453 
20 
4160 
3681 
2586 
983 
483 
3163 
1272 
440 
1828 
2375 
3349 
550 
804 
3944 
2858 
1993 
3379 
4529 
635 
4150 
2839 
4577 
2676 
4113 
4543 
2181 
3917 
2264 
4415 
758 
3861 
31 
2469 
4657 
573 
3625 
3485 
1359 
838 
365 
3038 
1432 
3580 
1797 
2470 
4381 
2475 
4038 
1407 
3791 
4816 
1279 
2409 
586 
3913 
2429 
2274 
3742 
1906 
3316 
4349 
4278 
3466 
2211 
1005 
1394 
4365 
1075 
4301 
4533 
4927 
1409 
2053 
4416 
3607 
2933 
2650 
2520 
1669 
4011 
3416 
3924 
4045 
4034 
3261 
1704 
3242 
2473 
2100 
1023 
1540 
278 
2584 
1273 
4160 
3678 
3547 
1074 
900 
2674 
3697 
3335 
1543 
4642 
760 
2382 
1374 
4185 
2845 
2158 
4133 
2858 
417 
1298 
3131 
1424 
2893 
4524 
3675 
2682 
827 
2449 
2390 
2312 
299 
523 
2210 
2139 
1725 
3427 
4189 
1716 
595 
1130 
838 
2690 
517 
4147 
14 
2217 
156 
2070 
1734 
2199 
2358 
1465 
4272 
1534 
3696 
3362 
3930 
1792 
2998 
2235 
391 
1092 
2391 
463 
2453 
1847 
4821 
1286 
3766 
3852 
343 
2065 
2439 
2332 
4702 
3835 
3829 
1996 
912 
4736 
2501 
2852 
4248 
895 
3903 
3854 
1505 
3786 
2320 
378 
2250 
3269 
7 
4031 
4377 
4139 
489 
4887 
551 
2171 
3628 
1802 
791 
4937 
3652 
2847 
90 
2760 
3554 
1253 
1899 
3952 
103 
489 
4817 
1116 
4815 
4673 
3360 
3502 
984 
4277 
166 
4316 
4867 
1827 
3 
420 
2921 
4432 
1301 
1974 
1809 
472 
3015 
1556 
3653 
3840 
1060 
3318 
3947 
272 
86 
1343 
3226 
3281 
1725 
4724 
1828 
4154 
4074 
3771 
3097 
4035 
4617 
4643 
1015 
3671 
1669 
1560 
1273 
2776 
833 
3233 
4192 
1394 
164 
2402 
3181 
4974 
3294 
2235 
2399 
2114 
2860 
2354 
3559 
3945 
106 
784 
2167 
2240 
2406 
3906 
466 
2240 
1939 
4035 
4123 
2149 
1702 
4070 
2865 
1019 
3828 
4591 
2548 
4758 
3719 
3493 
2222 
2364 
3297 
4173 
2086 
2403 
4615 
4028 
520 
110 
325 
3239 
4091 
3815 
1300 
3144 
3913 
3975 
3026 
1946 
1476 
483 
4382 
3471 
582 
348 
539 
4604 
4572 
473 
4472 
1642 
1959 
2267 
3872 
72 
4784 
893 
2409 
149 
4638 
2746 
2207 
1553 
887 
280 
896 
1167 
1111 
4961 
1328 
2882 
2484 
3484 
3848 
3293 
1262 
719 
1097 
224 
2565 
42 
4866 
3233 
1883 
206 
3816 
3663 
4369 
4918 
4502 
419 
93 
2258 
2159 
1687 
4936 
1001 
489 
4075 
3894 
872 
192 
19 
1867 
175 
943 
2808 
1419 
3633 
1109 
2951 
261 
1886 
466 
1067 
2706 
4836 
1258 
1449 
18 
371 
502 
157 
4335 
3925 
2722 
2955 
2176 
3769 
2202 
40 
2998 
1766 
1022 
1785 
480 
2153 
85 
2318 
334 
4517 
4825 
1317 
4669 
2320 
1254 
3615 
595 
3627 
4902 
58 
395 
3576 
2821 
4974 
2134 
