3
7
9
9
9
14
18
19
20
21
28
29
31
40
42
57
58
72
73
79
84
85
86
90
93
94
103
106
110
111
137
139
149
150
152
156
157
159
163
164
166
168
175
175
179
192
206
211
219
224
235
237
241
248
250
250
253
261
272
278
278
280
288
288
293
295
299
317
318
323
325
334
343
344
348
365
365
371
378
378
391
392
395
404
405
414
417
419
420
423
430
434
440
440
451
457
458
463
466
466
470
470
472
473
480
483
483
485
489
489
489
490
502
509
517
520
523
526
530
537
539
547
550
551
552
559
559
563
573
575
582
583
586
587
595
595
595
603
625
631
635
646
670
681
685
686
691
696
708
710
713
719
726
731
743
746
758
760
763
766
766
767
767
768
770
775
784
784
791
793
804
817
826
827
833
833
838
838
838
840
842
859
868
872
884
887
893
895
896
900
900
907
909
912
912
920
938
941
943
944
954
958
983
984
993
1001
1005
1014
1014
1015
1017
1018
1019
1021
1022
1023
1041
1045
1054
1060
1067
1070
1074
1075
1081
1082
1082
1092
1097
1108
1109
1111
1116
1116
1116
1119
1121
1121
1130
1131
1150
1161
1162
1165
1167
1167
1170
1175
1180
1183
1185
1195
1198
1200
1202
1207
1216
1220
1226
1229
1248
1253
1254
1256
1258
1262
1265
1268
1272
1272
1273
1273
1275
1278
1279
1283
1286
1290
1298
1300
1301
1304
1305
1315
1316
1317
1318
1328
1331
1334
1341
1343
1343
1348
1358
1359
1373
1374
1386
1394
1394
1397
1407
1407
1409
1419
1424
1430
1431
1432
1444
1449
1452
1465
1468
1471
1473
1476
1482
1484
1493
1493
1505
1505
1511
1521
1527
1528
1534
1537
1538
1540
1543
1546
1551
1553
1554
1556
1560
1567
1572
1590
1595
1599
1635
1642
1648
1651
1662
1669
1669
1681
1687
1688
1689
1693
1693
1702
1704
1709
1716
1725
1725
1733
1734
1736
1750
1759
1764
1766
1766
1772
1780
1783
1785
1792
1797
1799
1802
1809
1822
1824
1827
1828
1828
1828
1847
1850
1855
1856
1865
1867
1883
1884
1886
1886
1899
1906
1921
1939
1946
1951
1956
1959
1962
1974
1979
1988
1993
1993
1996
2009
2012
2029
2029
2034
2053
2061
2065
2067
2070
2070
2074
2075
2082
2086
2089
2093
2100
2106
2114
2126
2134
2139
2149
2153
2154
2158
2159
2167
2171
2172
2173
2176
2178
2181
2192
2193
2199
2202
2207
2210
2211
2216
2217
2218
2222
2222
2228
2235
2235
2240
2240
2242
2243
2250
2253
2258
2258
2259
2264
2265
2267
2270
2270
2273
2273
2274
2279
2312
2316
2318
2320
2320
2320
2330
2330
2332
2338
2354
2356
2358
2364
2375
2382
2390
2391
2393
2399
2402
2403
2406
2409
2409
2422
2429
2434
2439
2448
2449
2453
2454
2460
2469
2470
2470
2473
2475
2475
2476
2479
2480
2483
2484
2484
2491
2500
2501
2507
2510
2510
2513
2513
2515
2520
2524
2533
2541
2546
2548
2565
2565
2567
2584
2586
2590
2591
2594
2609
2617
2621
2650
2650
2652
2660
2664
2674
2675
2676
2679
2682
2690
2706
2708
2717
2722
2743
2746
2747
2756
2757
2760
2767
2767
2773
2775
2776
2776
2779
2791
2803
2803
2808
2821
2830
2839
2845
2847
2852
2858
2858
2860
2862
2864
2865
2868
2882
2885
2893
2896
2908
2917
2921
2928
2928
2930
2932
2933
2941
2951
2952
2953
2954
2955
2960
2969
2973
2987
2998
2998
2998
2999
3000
3015
3022
3026
3038
3055
3055
3077
3079
3097
3103
3103
3125
3131
3144
3147
3163
3163
3165
3181
3188
3204
3204
3209
3210
3211
3224
3226
3233
3233
3239
3239
3240
3242
3245
3249
3254
3261
3266
3269
3270
3281
3282
3293
3294
3297
3315
3316
3318
3321
3321
3326
3335
3349
3349
3353
3360
3362
3366
3368
3374
3375
3376
3379
3413
3416
3425
3427
3455
3466
3471
3478
3484
3484
3485
3493
3502
3511
3515
3517
3521
3541
3542
3547
3554
3559
3560
3566
3576
3580
3583
3593
3603
3605
3607
3615
3619
3625
3625
3627
3627
3628
3633
3635
3646
3652
3653
3655
3663
3663
3664
3671
3673
3675
3678
3678
3681
3696
3696
3697
3719
3719
3727
3727
3728
3742
3742
3745
3749
3753
3766
3769
3771
3786
3791
3809
3815
3816
3816
3817
3820
3828
3829
3835
3840
3841
3842
3843
3848
3852
3854
3861
3861
3872
3873
3874
3888
3894
3895
3898
3901
3901
3903
3906
3913
3913
3917
3924
3925
3930
3931
3938
3938
3939
3940
3941
3944
3945
3947
3952
3954
3957
3969
3971
3972
3975
3988
3994
3996
3997
4004
4011
4017
4021
4028
4031
4034
4035
4035
4035
4038
4040
4043
4045
4049
4055
4070
4074
4075
4080
4082
4084
4087
4091
4097
4097
4099
4107
4108
4113
4123
4133
4139
4147
4150
4154
4160
4160
4164
4171
4173
4176
4185
4189
4189
4192
4198
4201
4203
4220
4228
4235
4243
4248
4268
4270
4272
4277
4277
4278
4301
4302
4305
4315
4316
4335
4344
4346
4349
4354
4355
4357
4362
4364
4365
4367
4369
4377
4381
4382
4383
4384
4388
4392
4415
4415
4416
4432
4432
4439
4445
4451
4453
4456
4456
4467
4468
4472
4484
4489
4490
4502
4515
4517
4524
4529
4530
4533
4542
4543
4551
4559
4568
4572
4577
4585
4590
4591
4593
4595
4601
4604
4606
4615
4617
4617
4624
4638
4642
4643
4643
4657
4660
4668
4669
4669
4670
4673
4681
4694
4702
4707
4719
4724
4736
4741
4741
4754
4758
4772
4774
4781
4784
4792
4815
4816
4817
4821
4825
4825
4830
4832
4834
4836
4849
4866
4867
4869
4887
4891
4902
4918
4927
4932
4936
4936
4937
4945
4957
4961
4965
4971
4974
4974
4981
4987
4988
4992
