9836428
0398883
7148835
9451010
3087641
3046699
7714704
0158819
1392808
0816021
5850182
4133172
6477416
0383619
9674980
3679373
5826497
3867597
2434618
2314559
5171239
6725928
0398754
9262448
4032655
1235253
7771193
7229212
9637445
8048309
6367924
7627619
8443244
0998403
5059597
0517677
4888782
0408924
9491034
7684711
7446702
1537537
5673354
3857584
8912740
5300554
7907722
3178445
2338657
0229647
0041336
0784094
2797406
6761834
5856293
6330279
1502948
4754490
7948052
6950006
1927916
9957706
1832145
6465925
9236778
4401942
6743934
9335325
1888612
9999127
6456540
9024048
5809238
5380591
2439332
8950042
6551998
2188980
9204895
4941657
9701554
9865968
5921963
0954157
7711894
9900240
7723538
2273455
1789432
3771431
8715231
4057772
3573376
2427742
6176949
1668571
7952907
8177822
1894454
9986285
