98364282
03988837
71488350
94510102
30876411
30466997
77147042
01588192
13928081
08160210
58501821
41331723
64774169
03836194
96749809
36793732
58264977
38675973
24346186
23145593
51712398
67259287
03987548
92624481
40326559
12352535
77711939
72292129
96374452
80483098
63679241
76276196
84432441
09984037
50595976
05176771
48887823
04089245
94910346
76847116
74467020
15375371
56733541
38575846
89127401
53005548
79077220
31784458
23386576
02296470
00413365
07840942
27974063
67618347
58562934
63302790
15029481
47544903
79480529
69500064
19279169
99577065
18321452
64659259
92367782
44019422
67439342
93353250
18886128
99991276
64565408
90240483
58092385
53805915
24393328
89500424
65519983
21889800
92048957
49416576
97015547
98659689
59219637
09541577
77118941
99002400
77235381
22734558
17894322
37714318
87152317
40577720
35733764
24277428
61769494
16685716
79529071
81778225
18944549
99862853
